Date       Time     Site  Ant    Freq Code Power   
2016-03-20 00:29:10    7    1 149.720    3  -104
2016-03-20 00:29:11    7    1 149.740    9   -86
2016-03-20 00:29:12    7    1 149.760   13   -89
2016-03-20 00:29:12    7    1 149.340   20   -62
2016-03-20 00:29:14    7    1 149.740    9   -80
2016-03-20 00:29:16    7    1 149.720    3  -105
2016-03-20 00:29:17    7    1 149.340   20   -64
2016-03-20 00:29:17    7    1 149.800   20   -98
2016-03-20 00:29:17    7    1 149.740    9   -86
2016-03-20 00:29:18    7    1 149.740   13   -83
2016-03-20 00:29:19    7    1 149.760   14   -89
2016-03-20 00:29:20    7    1 149.740    9   -85
2016-03-20 00:29:22    7    1 149.760   13   -89
2016-03-20 00:29:22    7    1 149.340   20   -66
2016-03-20 00:29:22    7    1 149.720    3  -106
2016-03-20 00:29:23    7    1 149.740    9   -78
2016-03-20 00:29:26    7    1 149.740    9   -82
2016-03-20 00:29:27    7    1 149.340   20   -68
2016-03-20 00:29:27    7    1 149.800   20   -98
2016-03-20 00:29:28    7    1 149.720    3  -101
2016-03-20 00:29:29    7    1 149.740   13   -83
2016-03-20 00:29:29    7    1 149.760   14   -89
2016-03-20 00:29:30    7    1 149.740    9   -83
2016-03-20 00:29:31    7    1 149.720    3  -104
2016-03-20 00:29:32    7    1 149.760   13   -89
2016-03-20 00:29:32    7    1 149.340   20   -68
2016-03-20 00:29:33    7    1 149.740    9   -83
2016-03-20 00:29:36    7    1 149.740    9   -81
2016-03-20 00:29:37    7    1 149.720    3  -109
2016-03-20 00:29:37    7    1 149.340   20   -68
2016-03-20 00:29:37    7    1 149.800   20   -98
2016-03-20 00:29:39    7    1 149.740   13   -83
2016-03-20 00:29:39    7    1 149.740    9   -81
2016-03-20 00:29:39    7    1 149.760   14   -89
2016-03-20 00:29:40    7    1 149.720    3  -108
2016-03-20 00:29:42    7    1 149.760   13   -89
2016-03-20 00:29:42    7    1 149.740    9   -86
2016-03-20 00:29:42    7    1 149.340   20   -68
2016-03-20 00:29:45    7    1 149.740    9   -83
2016-03-20 00:29:46    7    1 149.720    3  -105
2016-03-20 00:29:47    7    1 149.800   20   -98
2016-03-20 00:29:47    7    1 149.340   20   -68
2016-03-20 00:29:48    7    1 149.740    9   -83
2016-03-20 00:29:49    7    1 149.740   13   -83
2016-03-20 00:29:49    7    1 149.720    3  -107
2016-03-20 00:29:49    7    1 149.760   14   -89
2016-03-20 00:29:51    7    1 149.740    9   -87
2016-03-20 00:29:52    7    1 149.760   13   -89
2016-03-20 00:29:53    7    1 149.340   20   -69
2016-03-20 00:29:54    7    1 149.740    9   -86
2016-03-20 00:29:57    7    1 149.800   20   -98
2016-03-20 00:29:57    7    1 149.740    9   -87
2016-03-20 00:29:58    7    1 149.340   20   -69
2016-03-20 00:29:59    7    1 149.740   13   -83
2016-03-20 00:29:59    7    1 149.340   67  -111
2016-03-20 00:29:59    7    1 149.720    8  -112
2016-03-20 00:29:59    7    1 149.760   14   -89
2016-03-20 00:30:01    7    1 149.740    9   -87
2016-03-20 00:30:01    7    1 149.720    3  -101
2016-03-20 00:30:02    7    1 149.760   13   -89
2016-03-20 00:30:02    7    1 149.720    2  -106
2016-03-20 00:30:03    7    1 149.340   20   -69
2016-03-20 00:30:04    7    1 149.740    9   -80
2016-03-20 00:30:04    7    1 149.720    3  -104
2016-03-20 00:30:07    7    1 149.740    9   -85
2016-03-20 00:30:07    7    1 149.720    3  -108
2016-03-20 00:30:08    7    1 149.800   20   -99
2016-03-20 00:30:08    7    1 149.340   20   -68
2016-03-20 00:30:09    7    1 149.740   13   -83
2016-03-20 00:30:10    7    1 149.760   14   -89
2016-03-20 00:30:10    7    1 149.740    9   -85
2016-03-20 00:32:34    7    1 149.720    3  -109
2016-03-20 00:32:36    7    1 149.740    9   -88
2016-03-20 00:32:36    7    1 149.340   20   -68
2016-03-20 00:32:37    7    1 149.720    3  -102
2016-03-20 00:32:39    7    1 149.740    9   -86
2016-03-20 00:32:39    7    1 149.800   20   -99
2016-03-20 00:32:40    7    1 149.720    3   -99
2016-03-20 00:32:40    7    1 149.740   13   -83
2016-03-20 00:32:41    7    1 149.340   20   -68
2016-03-20 00:32:41    7    1 149.760   14   -88
2016-03-20 00:32:42    7    1 149.740    9   -84
2016-03-20 00:32:44    7    1 149.760   13   -89
2016-03-20 00:32:45    7    1 149.740    9   -87
2016-03-20 00:32:46    7    1 149.340   20   -68
2016-03-20 00:32:48    7    1 149.740    9   -88
2016-03-20 00:32:49    7    1 149.800   20   -99
2016-03-20 00:32:51    7    1 149.740   13   -83
2016-03-20 00:32:51    7    1 149.340   20   -68
2016-03-20 00:32:51    7    1 149.740    9   -82
2016-03-20 00:32:51    7    1 149.760   14   -88
2016-03-20 00:32:54    7    1 149.760   13   -89
2016-03-20 00:32:54    7    1 149.740    9   -87
2016-03-20 00:32:56    7    1 149.340   20   -68
2016-03-20 00:32:57    7    1 149.740    9   -80
2016-03-20 00:32:58    7    1 149.760    3  -112
2016-03-20 00:32:59    7    1 149.800   20   -99
2016-03-20 00:33:01    7    1 149.760   14   -88
2016-03-20 00:33:01    7    1 149.340   20   -68
2016-03-20 00:33:04    7    1 149.740    9   -81
2016-03-20 00:33:04    7    1 149.760   13   -89
2016-03-20 00:33:04    7    1 149.720    3  -108
2016-03-20 00:33:06    7    1 149.340   20   -69
2016-03-20 00:33:07    7    1 149.740    9   -82
2016-03-20 00:33:09    7    1 149.340    6   -92
2016-03-20 00:33:09    7    1 149.780   95  -109
2016-03-20 00:33:09    7    1 149.800   20   -99
2016-03-20 00:33:10    7    1 149.740    9   -82
2016-03-20 00:33:11    7    1 149.740   13   -83
2016-03-20 00:33:11    7    1 149.760   14   -88
2016-03-20 00:33:12    7    1 149.340   20   -69
2016-03-20 00:33:13    7    1 149.740    9   -89
2016-03-20 00:33:14    7    1 149.760   13   -89
2016-03-20 00:33:16    7    1 149.740    9   -89
2016-03-20 00:33:16    7    1 149.720    3  -110
2016-03-20 00:33:17    7    1 149.340   20   -75
2016-03-20 00:33:19    7    1 149.740    9   -85
2016-03-20 00:33:19    7    1 149.800   20   -99
2016-03-20 00:33:21    7    1 149.740   13   -83
2016-03-20 00:33:21    7    1 149.760   14   -89
2016-03-20 00:33:22    7    1 149.740    9   -84
2016-03-20 00:33:24    7    1 149.760   13   -89
2016-03-20 00:33:25    7    1 149.740    9   -86
2016-03-20 00:33:26    7    1 149.780  116  -112
2016-03-20 00:33:27    7    1 149.340   20   -84
2016-03-20 00:33:28    7    1 149.740    9   -87
2016-03-20 00:33:30    7    1 149.800   20   -99
2016-03-20 00:33:31    7    1 149.740   13   -83
2016-03-20 00:33:31    7    1 149.740    9   -81
2016-03-20 00:33:32    7    1 149.720    3  -102
2016-03-20 00:33:32    7    1 149.760   14   -89
2016-03-20 00:33:32    7    1 149.340   20   -83
2016-03-20 00:33:34    7    1 149.740  136  -109
2016-03-20 00:33:34    7    1 149.760   13   -89
2016-03-20 00:33:35    7    1 149.740    9   -85
2016-03-20 00:33:38    7    1 149.720    3  -107
2016-03-20 00:33:38    7    1 149.740    9   -87
2016-03-20 00:33:40    7    1 149.800   20   -98
2016-03-20 00:33:41    7    1 149.740    9   -85
2016-03-20 00:33:41    7    1 149.740   13   -93
2016-03-20 00:33:42    7    1 149.760   14   -95
2016-03-20 00:33:44    7    1 149.740    9   -82
2016-03-20 00:33:44    7    1 149.760   13   -96
2016-03-20 00:33:47    7    1 149.740    9   -89
2016-03-20 00:33:47    7    1 149.340   20   -94
2016-03-20 00:33:50    7    1 149.800   20   -98
2016-03-20 00:33:50    7    1 149.740    9   -77
2016-03-20 00:33:51    7    1 149.780   41  -112
2016-03-20 00:33:51    7    1 149.740   13   -94
2016-03-20 00:33:52    7    1 149.760   14   -94
2016-03-20 00:33:52    7    1 149.340   20   -95
2016-03-20 00:33:53    7    1 149.720    3  -105
2016-03-20 00:33:53    7    1 149.740    9   -84
2016-03-20 00:33:54    7    1 149.760   13   -91
2016-03-20 00:33:56    7    1 149.740    9   -82
2016-03-20 00:33:57    7    1 149.340   20   -93
2016-03-20 00:33:59    7    1 149.740    9   -86
2016-03-20 00:34:00    7    1 149.800   20   -98
2016-03-20 00:34:01    7    1 149.740   13   -84
2016-03-20 00:34:02    7    1 149.760   14   -90
2016-03-20 00:34:02    7    1 149.340    9   -95
2016-03-20 00:34:02    7    1 149.740    9   -82
2016-03-20 00:34:03    7    1 149.340   20   -97
2016-03-20 00:34:05    7    1 149.760   13   -89
2016-03-20 00:34:06    7    1 149.740    9   -83
2016-03-20 00:34:08    7    1 149.340   20   -94
2016-03-20 00:34:09    7    1 149.740    9   -85
2016-03-20 00:34:10    7    1 149.800   20   -98
2016-03-20 00:34:11    7    1 149.740   13   -84
2016-03-20 00:34:12    7    1 149.740    9   -79
2016-03-20 00:34:12    7    1 149.760   14   -90
2016-03-20 00:34:13    7    1 149.340   20   -93
2016-03-20 00:34:14    7    1 149.720    3  -110
2016-03-20 00:34:15    7    1 149.760   13   -89
2016-03-20 00:34:15    7    1 149.740    9   -82
2016-03-20 00:34:18    7    1 149.340   20   -93
2016-03-20 00:34:18    7    1 149.740    9   -91
2016-03-20 00:34:20    7    1 149.800   20   -98
2016-03-20 00:34:21    7    1 149.740    9   -85
2016-03-20 00:34:21    7    1 149.740   13   -84
2016-03-20 00:34:22    7    1 149.760   14   -90
2016-03-20 00:34:23    7    1 149.720    3  -103
2016-03-20 00:34:23    7    1 149.340   20   -93
2016-03-20 00:34:23    7    1 149.800  129  -112
2016-03-20 00:34:24    7    1 149.740    9   -80
2016-03-20 00:34:25    7    1 149.760   13   -89
2016-03-20 00:34:26    7    1 149.720    3  -105
2016-03-20 00:34:27    7    1 149.740    9   -84
2016-03-20 00:34:28    7    1 149.340   20   -93
2016-03-20 00:34:29    7    1 149.720    3  -104
2016-03-20 00:34:29    7    1 149.780   15  -112
2016-03-20 00:34:30    7    1 149.800   20   -98
2016-03-20 00:34:30    7    1 149.740    9   -76
2016-03-20 00:34:32    7    1 149.740   13   -84
2016-03-20 00:34:32    7    1 149.720    3  -101
2016-03-20 00:34:32    7    1 149.760   14   -90
2016-03-20 00:34:33    7    1 149.340   20   -93
2016-03-20 00:34:33    7    1 149.740    9   -79
2016-03-20 00:34:35    7    1 149.720    3  -111
2016-03-20 00:34:35    7    1 149.760   13   -89
2016-03-20 00:34:37    7    1 149.740    9   -88
2016-03-20 00:34:38    7    1 149.340   20   -93
2016-03-20 00:34:40    7    1 149.740    9   -85
2016-03-20 00:34:40    7    1 149.800   20  -102
2016-03-20 00:34:42    7    1 149.740   13   -84
2016-03-20 00:34:42    7    1 149.760   14   -90
2016-03-20 00:34:43    7    1 149.740    9   -80
2016-03-20 00:34:43    7    1 149.340   20   -97
2016-03-20 00:34:44    7    1 149.720    3  -100
2016-03-20 00:34:45    7    1 149.720    2  -112
2016-03-20 00:34:45    7    1 149.760   13   -89
2016-03-20 00:34:46    7    1 149.740    9   -82
2016-03-20 00:34:47    7    1 149.720    3  -106
2016-03-20 00:34:47    7    1 149.720   71  -112
2016-03-20 00:34:48    7    1 149.340   20   -97
2016-03-20 00:34:49    7    1 149.740   15  -112
2016-03-20 00:34:49    7    1 149.740    9   -84
2016-03-20 00:34:50    7    1 149.720    3  -104
2016-03-20 00:34:50    7    1 149.800   20   -99